Tables created
{'wh_location_x': 113, 'wh_location_y': 179}

CSV String:
 None
[-1. -1. -1. -1. -1. -1. -1. -1.  1. -1.  1. -1.  1. -1. -1. -1. -1. -1.
 -1. -1.  1. -1. -1. -1. -1. -1. -1. -1. -1. -1. -1. -1.  1. -1. -1. -1.
 -1. -1. -1. -1. -1. -1. -1. -1. -1. -1.  1. -1. -1. -1. -1. -1.  1. -1.
 -1. -1. -1.  1. -1. -1. -1. -1. -1. -1. -1. -1. -1. -1. -1. -1. -1. -1.
 -1.  1.  1. -1. -1. -1. -1. -1. -1. -1.  1. -1. -1. -1. -1. -1. -1. -1.
 -1. -1. -1. -1. -1.  1. -1.  1. -1. -1. -1. -1. -1. -1. -1. -1.  1. -1.
 -1. -1. -1. -1. -1. -1. -1. -1. -1. -1. -1. -1. -1. -1. -1. -1. -1. -1.
 -1. -1. -1. -1. -1. -1. -1.  1. -1. -1. -1. -1. -1. -1. -1. -1. -1. -1.
 -1.  1. -1. -1. -1.  1. -1. -1. -1. -1. -1.  1. -1. -1. -1. -1.  1. -1.
 -1. -1. -1. -1. -1. -1. -1. -1. -1. -1. -1. -1. -1. -1. -1. -1. -1. -1.
 -1. -1. -1. -1. -1. -1. -1. -1. -1. -1. -1. -1. -1. -1. -1. -1. -1. -1.
 -1. -1. -1. -1. -1. -1. -1. -1.  1.  1. -1. -1.  1. -1. -1. -1. -1. -1.
 -1. -1. -1. -1. -1. -1. -1. -1. -1. -1. -1.  1. -1.  1. -1. -1. -1. -1.
  1. -1. -1. -1. -1. -1. -1. -1. -1. -1. -1. -1.  1. -1. -1. -1.]
Confusion Matrix
[[192   5]
 [ 32  21]]


Classification Report
              precision    recall  f1-score   support

          -1       0.86      0.97      0.91       197
           1       0.81      0.40      0.53        53

    accuracy                           0.85       250
   macro avg       0.83      0.69      0.72       250
weighted avg       0.85      0.85      0.83       250



0.866
0.016248076809271934
{'wh_location_x': 234, 'wh_location_y': 599}

CSV String:
 None
[-1. -1. -1. -1. -1. -1. -1. -1. -1. -1. -1. -1. -1. -1. -1. -1. -1. -1.
 -1.  1. -1.  1. -1. -1. -1.  1. -1. -1. -1. -1. -1. -1. -1.  1.  1. -1.
 -1. -1.  1.  1. -1. -1. -1. -1. -1. -1. -1. -1. -1. -1. -1. -1. -1.  1.
 -1. -1. -1. -1. -1. -1. -1. -1. -1. -1.  1. -1. -1. -1. -1. -1. -1. -1.
 -1. -1. -1. -1. -1. -1.  1. -1. -1.  1. -1. -1. -1. -1. -1. -1. -1.  1.
 -1. -1.  1. -1. -1. -1.  1. -1. -1. -1. -1.  1. -1. -1. -1. -1. -1. -1.
 -1. -1.  1. -1. -1. -1. -1. -1. -1. -1. -1. -1. -1. -1. -1. -1. -1. -1.
 -1. -1. -1. -1.  1. -1. -1. -1. -1. -1. -1. -1. -1. -1. -1. -1. -1. -1.
  1. -1. -1. -1.  1. -1. -1. -1. -1. -1.  1. -1. -1.  1. -1. -1. -1. -1.
 -1. -1. -1. -1. -1. -1. -1. -1. -1. -1. -1. -1. -1. -1. -1.  1. -1. -1.
 -1. -1. -1. -1. -1. -1. -1. -1. -1. -1. -1.  1.  1. -1. -1. -1.  1. -1.
 -1. -1. -1.  1. -1. -1. -1. -1. -1. -1. -1. -1. -1. -1. -1. -1. -1. -1.
  1. -1. -1. -1. -1. -1. -1. -1. -1.  1. -1. -1.  1. -1.  1. -1. -1. -1.
 -1. -1. -1.  1. -1. -1. -1. -1. -1. -1. -1. -1. -1. -1. -1. -1.]
Confusion Matrix
[[198   5]
 [ 21  26]]


Classification Report
              precision    recall  f1-score   support

          -1       0.90      0.98      0.94       203
           1       0.84      0.55      0.67        47

    accuracy                           0.90       250
   macro avg       0.87      0.76      0.80       250
weighted avg       0.89      0.90      0.89       250



0.8950000000000001
0.031384709652950434
{'wh_location_x': 195, 'wh_location_y': 89}

CSV String:
 None
[-1. -1. -1. -1. -1. -1. -1. -1. -1. -1.  1. -1. -1. -1. -1. -1. -1. -1.
  1.  1. -1. -1. -1. -1. -1. -1. -1. -1. -1. -1. -1. -1. -1. -1. -1.  1.
 -1. -1. -1. -1. -1. -1.  1. -1. -1.  1.  1. -1. -1. -1. -1. -1. -1. -1.
 -1. -1. -1. -1. -1. -1. -1. -1.  1.  1. -1. -1. -1. -1. -1.  1. -1. -1.
  1.  1. -1. -1. -1. -1. -1. -1. -1. -1.  1. -1. -1. -1. -1. -1. -1. -1.
 -1. -1. -1. -1.  1. -1. -1. -1. -1.  1. -1. -1. -1. -1. -1.  1. -1. -1.
 -1. -1. -1. -1. -1. -1. -1. -1. -1. -1. -1. -1. -1.  1. -1. -1. -1. -1.
 -1.  1. -1. -1. -1. -1. -1. -1. -1. -1. -1. -1.  1. -1. -1. -1. -1. -1.
 -1.  1. -1. -1. -1. -1.  1. -1. -1. -1.  1. -1. -1. -1. -1. -1. -1.  1.
 -1. -1. -1. -1. -1. -1. -1. -1. -1. -1. -1. -1. -1. -1. -1. -1.  1. -1.
 -1.  1. -1. -1. -1. -1.  1. -1. -1. -1. -1. -1.  1. -1. -1. -1. -1. -1.
 -1. -1. -1. -1. -1.  1. -1. -1. -1. -1.  1. -1. -1. -1. -1. -1. -1. -1.
 -1. -1. -1. -1.  1. -1. -1. -1. -1. -1. -1.  1. -1. -1. -1. -1.  1. -1.
 -1. -1. -1. -1. -1. -1. -1. -1. -1. -1. -1. -1. -1. -1. -1. -1.]
Confusion Matrix
[[192   4]
 [ 26  28]]


Classification Report
              precision    recall  f1-score   support

          -1       0.88      0.98      0.93       196
           1       0.88      0.52      0.65        54

    accuracy                           0.88       250
   macro avg       0.88      0.75      0.79       250
weighted avg       0.88      0.88      0.87       250



0.8790000000000001
0.0280891438103763
{'wh_location_x': 215, 'wh_location_y': 207}

CSV String:
 None
[-1. -1. -1.  1. -1. -1. -1. -1. -1. -1. -1. -1.  1.  1. -1. -1.  1.  1.
 -1. -1. -1. -1. -1. -1. -1. -1. -1.  1. -1. -1. -1. -1. -1.  1. -1. -1.
  1. -1. -1. -1. -1. -1. -1. -1. -1. -1.  1. -1.  1. -1. -1. -1. -1. -1.
 -1. -1. -1. -1. -1. -1. -1. -1.  1. -1. -1. -1. -1. -1.  1.  1. -1.  1.
  1. -1. -1. -1. -1. -1. -1. -1. -1. -1.  1. -1. -1. -1.  1. -1.  1. -1.
 -1. -1. -1. -1.  1. -1. -1. -1. -1.  1. -1. -1. -1. -1. -1. -1. -1. -1.
 -1. -1. -1. -1. -1. -1. -1. -1. -1. -1. -1. -1. -1. -1.  1. -1. -1. -1.
 -1. -1. -1. -1. -1. -1. -1. -1.  1. -1. -1. -1. -1.  1. -1.  1.  1. -1.
 -1. -1. -1. -1. -1. -1. -1. -1. -1. -1. -1.  1. -1. -1. -1. -1. -1. -1.
 -1. -1. -1. -1. -1. -1. -1. -1.  1. -1. -1. -1. -1. -1. -1. -1.  1. -1.
 -1. -1. -1. -1. -1. -1. -1. -1. -1. -1. -1. -1. -1. -1. -1. -1. -1. -1.
 -1. -1. -1. -1. -1.  1. -1. -1. -1. -1. -1. -1. -1. -1. -1.  1. -1. -1.
 -1. -1. -1. -1. -1. -1. -1. -1.  1. -1. -1.  1. -1. -1. -1. -1. -1. -1.
 -1. -1. -1. -1. -1. -1. -1. -1. -1. -1. -1. -1.  1. -1.  1. -1.]
Confusion Matrix
[[187   3]
 [ 29  31]]


Classification Report
              precision    recall  f1-score   support

          -1       0.87      0.98      0.92       190
           1       0.91      0.52      0.66        60

    accuracy                           0.87       250
   macro avg       0.89      0.75      0.79       250
weighted avg       0.88      0.87      0.86       250



0.884
0.033226495451672305
{'wh_location_x': 220, 'wh_location_y': 326}

CSV String:
 None
[ 1. -1.  1. -1. -1. -1. -1. -1. -1. -1. -1. -1. -1. -1. -1. -1. -1. -1.
 -1. -1. -1. -1.  1. -1. -1. -1. -1. -1. -1. -1. -1. -1. -1. -1.  1. -1.
  1. -1.  1.  1. -1. -1. -1.  1. -1. -1. -1. -1. -1.  1. -1. -1. -1. -1.
 -1. -1.  1. -1. -1. -1. -1. -1. -1. -1. -1. -1. -1. -1.  1. -1. -1. -1.
 -1. -1. -1. -1. -1. -1.  1. -1.  1.  1. -1. -1. -1. -1. -1. -1. -1. -1.
 -1. -1. -1. -1.  1. -1. -1. -1. -1. -1. -1. -1. -1. -1. -1. -1. -1. -1.
 -1. -1. -1. -1. -1. -1. -1.  1. -1. -1. -1. -1. -1. -1. -1.  1. -1. -1.
 -1. -1. -1. -1. -1.  1.  1. -1. -1.  1. -1. -1. -1. -1. -1. -1. -1. -1.
 -1. -1. -1. -1. -1. -1. -1.  1. -1. -1. -1.  1. -1. -1. -1.  1. -1. -1.
  1. -1. -1. -1. -1. -1. -1. -1. -1. -1. -1. -1. -1. -1.  1.  1. -1. -1.
 -1. -1. -1. -1. -1. -1. -1. -1. -1. -1. -1. -1. -1. -1. -1. -1. -1. -1.
  1. -1. -1. -1. -1. -1. -1. -1.  1. -1. -1. -1. -1. -1. -1. -1.  1. -1.
 -1.  1. -1. -1. -1. -1. -1. -1.  1. -1. -1. -1. -1. -1. -1. -1. -1. -1.
 -1. -1. -1.  1. -1. -1. -1.  1. -1. -1. -1. -1. -1. -1. -1.  1.]
Confusion Matrix
[[185   4]
 [ 31  30]]


Classification Report
              precision    recall  f1-score   support

          -1       0.86      0.98      0.91       189
           1       0.88      0.49      0.63        61

    accuracy                           0.86       250
   macro avg       0.87      0.74      0.77       250
weighted avg       0.86      0.86      0.84       250



0.875
0.027658633371878686
{'wh_location_x': 182, 'wh_location_y': 193}

CSV String:
 None
[-1. -1. -1.  1. -1. -1. -1. -1.  1.  1.  1. -1. -1. -1. -1.  1. -1. -1.
 -1. -1. -1. -1. -1. -1. -1. -1. -1. -1. -1. -1. -1. -1. -1. -1. -1. -1.
  1. -1. -1. -1. -1. -1.  1. -1. -1. -1.  1. -1.  1. -1. -1. -1. -1. -1.
 -1. -1. -1. -1. -1. -1. -1. -1.  1.  1. -1. -1. -1. -1. -1. -1. -1.  1.
 -1. -1. -1. -1. -1. -1. -1. -1. -1. -1.  1. -1. -1. -1. -1. -1. -1. -1.
 -1.  1. -1. -1.  1. -1. -1.  1.  1.  1. -1. -1. -1. -1. -1. -1. -1. -1.
 -1. -1. -1. -1. -1. -1. -1. -1. -1. -1. -1. -1. -1.  1. -1. -1. -1. -1.
 -1.  1. -1. -1. -1. -1. -1.  1. -1. -1. -1. -1. -1.  1. -1. -1. -1. -1.
 -1.  1. -1. -1. -1. -1. -1. -1. -1. -1.  1.  1. -1. -1. -1. -1. -1. -1.
 -1. -1. -1. -1. -1. -1. -1. -1.  1. -1. -1. -1. -1. -1. -1. -1.  1. -1.
 -1.  1. -1. -1. -1. -1.  1. -1. -1. -1. -1. -1. -1. -1. -1. -1. -1. -1.
 -1. -1. -1. -1. -1. -1. -1. -1.  1. -1. -1. -1. -1. -1. -1.  1. -1. -1.
 -1. -1. -1. -1.  1. -1. -1. -1.  1. -1. -1.  1. -1. -1. -1. -1. -1. -1.
 -1. -1. -1. -1. -1. -1. -1. -1. -1. -1. -1. -1.  1. -1. -1. -1.]
Confusion Matrix
[[195   0]
 [ 20  35]]


Classification Report
              precision    recall  f1-score   support

          -1       0.91      1.00      0.95       195
           1       1.00      0.64      0.78        55

    accuracy                           0.92       250
   macro avg       0.95      0.82      0.86       250
weighted avg       0.93      0.92      0.91       250



0.8859999999999999
0.012806248474865708
{'wh_location_x': 75, 'wh_location_y': 418}

CSV String:
 None
[-1. -1. -1. -1. -1. -1. -1. -1. -1. -1. -1. -1. -1. -1. -1. -1. -1. -1.
 -1. -1. -1. -1. -1. -1. -1. -1. -1. -1. -1. -1. -1. -1. -1. -1.  1. -1.
 -1. -1.  1.  1. -1. -1. -1. -1. -1. -1. -1. -1. -1. -1. -1. -1. -1. -1.
  1. -1. -1. -1. -1.  1. -1. -1. -1.  1. -1. -1.  1. -1. -1. -1. -1. -1.
 -1. -1. -1. -1. -1. -1. -1. -1. -1. -1. -1. -1. -1. -1. -1. -1. -1.  1.
 -1. -1. -1.  1. -1. -1. -1. -1. -1. -1. -1.  1. -1. -1. -1. -1. -1. -1.
  1.  1. -1.  1. -1. -1. -1. -1. -1. -1.  1.  1. -1. -1. -1. -1. -1. -1.
 -1. -1. -1. -1. -1. -1. -1. -1. -1.  1. -1.  1. -1. -1. -1. -1. -1. -1.
 -1. -1. -1. -1. -1. -1. -1. -1. -1. -1. -1. -1. -1. -1. -1. -1. -1. -1.
 -1. -1. -1. -1. -1. -1. -1. -1. -1. -1. -1. -1. -1.  1. -1.  1. -1. -1.
 -1. -1. -1. -1. -1. -1. -1.  1. -1. -1. -1.  1. -1. -1. -1. -1. -1.  1.
 -1.  1. -1. -1. -1. -1. -1. -1. -1. -1. -1.  1.  1.  1. -1. -1. -1. -1.
 -1. -1. -1. -1. -1. -1. -1.  1. -1. -1. -1. -1. -1. -1.  1. -1. -1. -1.
 -1. -1. -1. -1. -1. -1. -1.  1. -1. -1. -1. -1.  1. -1.  1. -1.]
Confusion Matrix
[[193   2]
 [ 26  29]]


Classification Report
              precision    recall  f1-score   support

          -1       0.88      0.99      0.93       195
           1       0.94      0.53      0.67        55

    accuracy                           0.89       250
   macro avg       0.91      0.76      0.80       250
weighted avg       0.89      0.89      0.88       250



0.898
0.017204650534085267
{'wh_location_x': 228, 'wh_location_y': 140}

CSV String:
 None
[-1. -1. -1.  1. -1. -1. -1. -1. -1.  1.  1. -1. -1. -1. -1. -1.  1. -1.
 -1.  1. -1. -1. -1. -1. -1. -1. -1.  1. -1. -1. -1. -1. -1. -1. -1. -1.
 -1. -1. -1. -1. -1. -1.  1. -1. -1. -1.  1.  1. -1. -1. -1.  1.  1. -1.
 -1. -1. -1. -1. -1. -1. -1. -1. -1. -1. -1. -1. -1. -1.  1.  1. -1. -1.
  1. -1. -1. -1. -1. -1. -1. -1. -1. -1.  1. -1. -1. -1. -1. -1. -1. -1.
 -1. -1. -1. -1. -1. -1. -1. -1.  1.  1. -1. -1. -1.  1. -1. -1. -1.  1.
 -1. -1. -1. -1. -1. -1. -1. -1. -1.  1. -1. -1. -1.  1. -1. -1.  1. -1.
 -1. -1. -1. -1. -1. -1. -1. -1. -1. -1. -1. -1.  1.  1. -1.  1. -1. -1.
 -1. -1. -1. -1. -1. -1. -1. -1.  1. -1.  1.  1. -1. -1. -1. -1. -1. -1.
 -1. -1. -1. -1. -1. -1. -1. -1. -1. -1. -1. -1. -1. -1. -1. -1.  1. -1.
 -1. -1. -1. -1. -1. -1.  1. -1. -1. -1. -1. -1. -1. -1. -1. -1. -1. -1.
 -1. -1.  1. -1. -1. -1. -1. -1. -1.  1.  1. -1. -1. -1. -1. -1. -1. -1.
 -1. -1. -1. -1. -1. -1. -1. -1.  1. -1. -1.  1. -1. -1. -1. -1.  1. -1.
 -1. -1.  1. -1. -1. -1. -1. -1. -1. -1. -1.  1. -1. -1. -1. -1.]
Confusion Matrix
[[195   2]
 [ 17  36]]


Classification Report
              precision    recall  f1-score   support

          -1       0.92      0.99      0.95       197
           1       0.95      0.68      0.79        53

    accuracy                           0.92       250
   macro avg       0.93      0.83      0.87       250
weighted avg       0.93      0.92      0.92       250



0.892
0.018867962264113223
{'wh_location_x': 310, 'wh_location_y': 26}

CSV String:
 None
[-1. -1. -1.  1. -1. -1.  1. -1. -1.  1.  1. -1. -1. -1. -1. -1. -1. -1.
  1.  1. -1. -1. -1.  1. -1. -1. -1. -1. -1. -1. -1. -1. -1. -1. -1.  1.
  1. -1. -1. -1. -1. -1.  1. -1. -1.  1.  1. -1.  1. -1. -1. -1. -1. -1.
 -1. -1. -1. -1. -1. -1. -1. -1.  1. -1. -1. -1. -1. -1.  1.  1. -1. -1.
 -1. -1. -1. -1. -1. -1. -1. -1. -1. -1.  1. -1.  1. -1. -1. -1. -1. -1.
 -1. -1. -1. -1. -1. -1. -1. -1.  1. -1. -1. -1. -1.  1. -1. -1. -1. -1.
 -1. -1. -1. -1. -1. -1. -1. -1. -1.  1. -1. -1. -1.  1. -1. -1. -1. -1.
 -1. -1. -1. -1. -1. -1. -1. -1. -1. -1. -1. -1.  1.  1. -1. -1. -1. -1.
 -1. -1. -1. -1. -1.  1. -1. -1.  1. -1.  1. -1. -1. -1. -1. -1. -1. -1.
 -1. -1. -1. -1. -1. -1. -1. -1. -1. -1. -1. -1. -1. -1. -1. -1. -1. -1.
 -1. -1. -1. -1. -1. -1.  1. -1. -1. -1. -1. -1. -1. -1. -1. -1. -1. -1.
 -1. -1. -1. -1. -1. -1. -1. -1. -1. -1. -1. -1. -1. -1. -1.  1. -1. -1.
 -1.  1. -1. -1.  1. -1. -1. -1. -1. -1. -1. -1. -1. -1. -1. -1.  1. -1.
  1. -1.  1. -1.  1. -1. -1. -1. -1. -1. -1.  1. -1. -1. -1. -1.]
Confusion Matrix
[[196   1]
 [ 18  35]]


Classification Report
              precision    recall  f1-score   support

          -1       0.92      0.99      0.95       197
           1       0.97      0.66      0.79        53

    accuracy                           0.92       250
   macro avg       0.94      0.83      0.87       250
weighted avg       0.93      0.92      0.92       250



0.8870000000000001
0.02100000000000002
{'wh_location_x': 297, 'wh_location_y': 423}

CSV String:
 None
[ 1.  1. -1. -1. -1. -1. -1. -1. -1. -1. -1. -1. -1. -1. -1. -1. -1. -1.
 -1. -1. -1. -1. -1. -1. -1.  1. -1. -1.  1. -1. -1. -1. -1.  1.  1. -1.
 -1. -1. -1. -1. -1. -1. -1.  1.  1. -1. -1. -1. -1. -1. -1. -1. -1.  1.
 -1. -1. -1. -1. -1. -1. -1. -1. -1. -1.  1. -1. -1. -1. -1. -1. -1. -1.
 -1. -1. -1. -1. -1. -1. -1. -1. -1.  1. -1. -1. -1. -1. -1. -1. -1. -1.
 -1. -1. -1. -1. -1.  1.  1. -1. -1. -1. -1. -1. -1. -1. -1. -1. -1. -1.
 -1.  1. -1. -1.  1. -1. -1.  1. -1. -1. -1. -1. -1. -1. -1. -1. -1. -1.
 -1. -1. -1. -1. -1.  1.  1. -1. -1. -1. -1. -1. -1. -1. -1. -1. -1.  1.
 -1. -1. -1. -1.  1. -1. -1. -1. -1. -1. -1. -1. -1.  1. -1.  1. -1. -1.
  1. -1.  1. -1. -1. -1. -1. -1. -1. -1. -1. -1. -1. -1. -1. -1. -1. -1.
 -1. -1. -1. -1. -1. -1. -1. -1. -1. -1. -1.  1. -1. -1. -1. -1. -1. -1.
  1. -1. -1. -1. -1. -1. -1. -1. -1. -1. -1. -1. -1. -1.  1. -1.  1. -1.
 -1.  1. -1. -1. -1. -1. -1. -1. -1. -1.  1. -1.  1. -1. -1. -1.  1.  1.
 -1. -1. -1.  1. -1. -1. -1. -1. -1. -1. -1. -1. -1. -1. -1. -1.]
Confusion Matrix
[[202   7]
 [ 14  27]]


Classification Report
              precision    recall  f1-score   support

          -1       0.94      0.97      0.95       209
           1       0.79      0.66      0.72        41

    accuracy                           0.92       250
   macro avg       0.86      0.81      0.84       250
weighted avg       0.91      0.92      0.91       250



0.8800000000000001
0.024083189157584613
